0.01 0.0100  
0.02 0.0200  
0.03 0.0300  
0.04 0.0400  
0.05 0.0501  
0.06 0.0601  
0.07 0.0702  
0.08 0.0803  
0.09 0.0904  
0.10 0.1006  
0.11 0.1107  
0.12 0.1210  
0.13 0.1312  
0.14 0.1415  
0.15 0.1519  
0.16 0.1623  
0.17 0.1728  
0.18 0.1833  
0.19 0.1939  
0.20 0.2046  
0.21 0.2153  
0.22 0.2262  
0.23 0.2371  
0.24 0.2481  
0.25 0.2592  
0.26 0.2703  
0.27 0.2816  
0.28 0.2930  
0.29 0.3046  
0.30 0.3162  
0.31 0.3280  
0.32 0.3399  
0.33 0.3519  
0.34 0.3641  
0.35 0.3765  
0.36 0.3890  
0.37 0.4017  
0.38 0.4146  
0.39 0.4277  
0.40 0.4410  
0.41 0.4545  
0.42 0.4683  
0.43 0.4822  
0.44 0.4964  
0.45 0.5109  
0.46 0.5257  
0.47 0.5408  
0.48 0.5562  
0.49 0.5719  
0.50 0.5879  
0.51 0.6043  
0.52 0.6212  
0.53 0.6384  
0.54 0.6561  
0.55 0.6742  
0.56 0.6929  
0.57 0.7120  
0.58 0.7318  
0.59 0.7521  
0.60 0.7731  
0.61 0.7948  
0.62 0.8173  
0.63 0.8405  
0.64 0.8647  
0.65 0.8897  
0.66 0.9158  
0.67 0.9430  
0.68 0.9713  
0.69 1.0010  
0.70 1.0321  
0.71 1.0648  
0.72 1.0992  
0.73 1.1356  
0.74 1.1741  
0.75 1.2149  
0.76 1.2585  
0.77 1.3050  
0.78 1.3550  
0.79 1.4088  
0.80 1.4671  
0.81 1.5306  
0.82 1.6001  
0.83 1.6768  
0.84 1.7619  
0.85 1.8573  
0.86 1.9651  
0.87 2.0884  
0.88 2.2311  
0.89 2.3990  
0.90 2.5998  
0.905 2.7160 
0.910 2.8452 
0.915 2.9897 
0.920 3.1525 
0.925 3.3374 
0.930 3.5492 
0.935 3.7944 
0.940 4.0812 
0.945 4.4212 
0.950 4.8304 
0.955 5.3317 
0.960 5.9597 
0.965 6.7686 
0.970 7.8485 
0.975 9.3619 
0.980 11.6337
0.985 15.4221
0.990 23.0017
0.991 25.5287
0.992 28.6874
0.993 32.7489
0.994 38.1643
0.995 45.7461
0.996 57.1190
0.997 76.0742